FILE RISULTATI PULITO
---------------------------------------

Processing: wlp1.dzn
Best solution found [0, 0, 0], (40) (3 nodes visited)
---------------------------------------

Processing: wlp10.dzn
New best solution [0, 0, 0, 0, 0, 2, 9, 7, 2, 8, 9, 8, 2, 7, 8, 2, 2, 8, 2, 0, 9, 8, 9, 7, 9], (68, 0, 56, 0, 0, 0, 0, 41, 59, 50) (current cost 10428, previous 10438)
---------------------------------------

Processing: wlp100.dzn
New best solution [0, 0, 1, 1, 1, 1, 2, 2, 2, 3, 3, 3, 3, 1, 4, 4, 4, 5, 5, 5, 5, 5, 5, 6, 6, 6, 5, 6, 6, 6, 2, 6, 7, 7, 7, 7, 7, 7, 7, 8, 8, 8, 9, 9, 10, 10, 7, 11, 11, 11, 12, 12, 12, 12, 11, 12, 13, 13, 13, 14, 13, 14, 14, 8, 14, 14, 14, 14, 9, 15, 15, 15, 12, 15, 13, 15, 15, 16, 16, 16, 17, 17, 17, 17, 17, 17, 18, 18, 18, 17, 18, 18, 19, 19, 20, 18, 16, 20, 20, 21, 19, 21, 21, 20, 21, 21, 21, 21, 21, 22, 22, 21, 22, 22, 22, 23, 22, 23, 23, 23, 23, 23, 23, 24, 24, 24, 24, 24, 22, 25, 25, 26, 25, 26, 26, 27, 26, 27, 27, 27, 28, 28, 29, 29, 30, 30, 30, 29, 30, 30, 31, 31, 31, 31, 32, 32, 32, 31, 25, 32, 33, 33, 33, 34, 32, 34, 34, 34, 34, 34, 34, 34, 34, 35, 35, 36, 36, 36, 36, 35, 36, 36, 36, 37, 37, 37, 37, 37, 37, 38, 38, 38, 38, 37, 38, 38, 39, 39, 39, 39, 38, 40, 40, 40, 35, 40, 40, 40, 40, 40, 41, 41, 41, 36, 42, 40, 42, 42, 42, 42, 88, 97, 87, 87, 65, 71, 88, 88, 69, 97, 71, 69, 65, 97], (29, 39, 50, 56, 37, 99, 100, 90, 59, 38, 28, 50, 80, 60, 96, 77, 38, 90, 69, 38, 49, 100, 100, 97, 57, 40, 58, 48, 29, 28, 59, 58, 80, 40, 79, 30, 89, 87, 90, 56, 90, 48, 49, 0, 0, 0, 0, 0, 0, 0, 0, 0, 0, 0, 0, 0, 0, 0, 0, 0, 0, 0, 0, 0, 0, 28, 0, 0, 0, 27, 0, 27, 0, 0, 0, 0, 0, 0, 0, 0, 0, 0, 0, 0, 0, 0, 0, 35, 39, 0, 0, 0, 0, 0, 0, 0, 0, 38, 0, 0) (current cost 184076, previous 184078)
---------------------------------------

Processing: wlp12.dzn
New best solution [0, 0, 0, 0, 0, 0, 1, 1, 1, 1, 1, 1, 1, 0, 10, 10, 10, 10, 10, 3, 2, 11, 3, 1, 3, 10, 10, 11, 2], (68, 100, 26, 36, 0, 0, 0, 0, 0, 0, 93, 40) (current cost 18330, previous 18489)
---------------------------------------

Processing: wlp15.dzn
New best solution [0, 0, 0, 0, 0, 0, 0, 1, 1, 1, 1, 1, 1, 1, 4, 1, 1, 4, 10, 9, 10, 9, 9, 10, 9, 9, 10, 4, 4, 9, 9, 10, 5, 5], (88, 100, 0, 0, 46, 35, 0, 0, 0, 98, 57, 0, 0, 0, 0) (current cost 19242, previous 19346)
---------------------------------------

Processing: wlp2.dzn
Best solution found [1, 0, 0, 0, 1, 0], (39, 32) (56 nodes visited)
---------------------------------------

Processing: wlp20.dzn
New best solution [0, 0, 0, 1, 2, 1, 2, 1, 3, 3, 3, 3, 2, 3, 4, 4, 5, 5, 6, 6, 6, 7, 7, 8, 7, 8, 9, 9, 9, 9, 12, 15, 18, 12, 14, 15, 17, 18, 9, 15, 12, 14, 15, 18, 17, 14, 17, 14, 18, 18], (48, 27, 47, 85, 25, 36, 30, 46, 27, 59, 0, 0, 30, 0, 49, 50, 0, 40, 71, 0) (current cost 36085, previous 36120)
---------------------------------------

Processing: wlp3.dzn
Best solution found [1, 2, 2, 1, 1, 1, 2], (0, 50, 29) (573 nodes visited)
---------------------------------------

Processing: wlp30.dzn
New best solution [0, 0, 0, 0, 0, 1, 1, 2, 2, 0, 2, 1, 2, 3, 3, 3, 4, 4, 5, 5, 5, 2, 5, 5, 5, 5, 6, 6, 6, 7, 7, 7, 7, 7, 7, 7, 8, 8, 8, 8, 8, 9, 9, 10, 10, 9, 10, 10, 10, 10, 11, 11, 11, 12, 12, 11, 26, 26, 12, 27, 16, 23, 27, 26, 12, 23, 27, 16, 23, 16, 16, 12, 27], (67, 37, 68, 40, 38, 90, 40, 100, 58, 40, 76, 48, 68, 0, 0, 0, 46, 0, 0, 0, 0, 0, 0, 45, 0, 0, 37, 38, 0, 0) (current cost 51383, previous 51458)
---------------------------------------

Processing: wlp4.dzn
Best solution found [2, 0, 0, 1, 3, 0, 2, 1, 2, 3, 0], (53, 28, 40, 27) (116816 nodes visited)
---------------------------------------

Processing: wlp5.dzn
Best solution found [0, 2, 2, 2, 2, 2, 0, 0, 0, 2, 2, 0, 2], (61, 0, 95, 0, 0) (128865 nodes visited)
---------------------------------------

Processing: wlp50.dzn
New best solution [0, 0, 0, 0, 1, 1, 1, 2, 1, 2, 2, 2, 2, 2, 2, 3, 3, 3, 4, 4, 3, 4, 4, 4, 4, 5, 5, 5, 6, 6, 7, 7, 7, 7, 8, 8, 8, 8, 9, 9, 9, 9, 10, 10, 10, 3, 6, 10, 10, 10, 10, 10, 11, 11, 11, 11, 11, 11, 11, 11, 11, 12, 13, 12, 13, 13, 14, 14, 13, 14, 14, 14, 14, 14, 15, 15, 15, 15, 15, 15, 15, 16, 16, 16, 16, 17, 17, 17, 17, 18, 18, 18, 17, 19, 18, 19, 19, 19, 19, 19, 22, 46, 27, 37, 49, 44, 49, 46, 44, 49, 46, 44, 37, 19, 49, 49], (37, 50, 100, 50, 97, 37, 30, 48, 47, 46, 89, 99, 29, 57, 88, 87, 58, 59, 57, 79, 0, 0, 13, 0, 0, 0, 0, 18, 0, 0, 0, 0, 0, 0, 0, 0, 0, 35, 0, 0, 0, 0, 0, 0, 27, 0, 46, 0, 0, 79) (current cost 88414, previous 88510)
---------------------------------------

Processing: wlp6.dzn
Best solution found [1, 1, 5, 1, 5, 1, 1, 1, 5, 5, 1, 2, 2, 1, 2], (0, 82, 44, 0, 0, 39) (7420836 nodes visited)
---------------------------------------

Processing: wlp7.dzn
Best solution found [2, 2, 2, 1, 2, 6, 6, 5, 5, 6, 1, 1, 2, 6, 5, 1, 6], (0, 47, 56, 0, 0, 45, 49) (321863353 nodes visited)
---------------------------------------

Processing: wlp8.dzn
Best solution found [5, 1, 4, 5, 6, 1, 1, 7, 4, 2, 5, 2, 4, 4, 4, 5, 7, 7], (0, 29, 32, 0, 46, 61, 17, 36) (1976414704 nodes visited)
---------------------------------------

Processing: wlp9.dzn
New best solution [0, 0, 0, 0, 7, 2, 1, 2, 2, 7, 3, 0, 5, 2, 5, 1, 7, 2, 1, 2, 0, 7], (80, 43, 79, 14, 0, 28, 0, 60, 0) (current cost 11051, previous 11064)
---------------------------------------